$hessian                                                                        
        0.4821455828   0.0203543305   0.0055191374  -0.1657216777   0.0608650181
        0.0068415484  -0.0436813113  -0.0019076674  -0.0122393095  -0.0458834687
       -0.0107778006   0.0061946450  -0.1502535571  -0.0926092678  -0.0662113142
       -0.0610210755   0.0118536039   0.0568227363  -0.0139737886   0.0083757800
        0.0045317963  -0.0032204041   0.0041709450  -0.0013198423   0.0016097002
       -0.0003249415  -0.0001393973
        0.0203543305   0.5022865274   0.0065449672   0.0658773599  -0.0979518808
        0.0020481653  -0.0240120698   0.0040296626  -0.0053136423  -0.0099360951
       -0.2118251710   0.0963996403  -0.0927630292  -0.1243210594  -0.0572490013
        0.0112101805  -0.0553177831  -0.0423680410   0.0070390240  -0.0031125726
       -0.0013893416   0.0236018185  -0.0152576339   0.0017293387  -0.0013715192
        0.0014699108  -0.0004020853
        0.0055191374   0.0065449672   0.5047278443   0.0073870007   0.0004254058
       -0.0667393439  -0.0228551422   0.0015053102  -0.0005521619   0.0054538392
        0.0962267432  -0.1017024479  -0.0657758679  -0.0568251904  -0.0855341357
        0.0566812337  -0.0427368604  -0.2457580771   0.0258963100  -0.0137297832
       -0.0038100672  -0.0135457715   0.0091394374  -0.0004506934   0.0012392605
       -0.0005500298  -0.0001809173
       -0.1657216777   0.0658773599   0.0073870007   0.4324989639  -0.0176716574
       -0.0296752882  -0.1263516337  -0.0683299135  -0.0555518490  -0.0021468803
        0.0039713183  -0.0016898737  -0.0198757285   0.0066910794  -0.0011868484
       -0.0118243182   0.0064669803   0.0044347829  -0.0615964124   0.0140481047
        0.0697607901  -0.0415832975  -0.0051682081   0.0055185445  -0.0033990156
       -0.0058850636   0.0010027410
        0.0608650181  -0.0979518808   0.0004254058  -0.0176716574   0.5045700436
       -0.0396360346  -0.0470384102  -0.1106432210  -0.0196738710   0.0252675416
       -0.0179934469   0.0017913027  -0.0157277549   0.0057392328  -0.0005910141
        0.0080829593  -0.0037167131  -0.0024645692   0.0132815951  -0.0496455167
       -0.0281664945  -0.0033372936  -0.2053407168   0.1033109675  -0.0237219980
       -0.0250177811  -0.0149956927
        0.0068415484   0.0020481653  -0.0667393439  -0.0296752882  -0.0396360346
        0.5075070027  -0.0648991849  -0.0415968151  -0.1058868183  -0.0144800083
        0.0089868434   0.0004219123  -0.0113622677   0.0043594692  -0.0009623502
        0.0273462137  -0.0148580532  -0.0028677001   0.0691652237  -0.0260218430
       -0.2306557482   0.0036380066   0.0992452564  -0.1107329465   0.0134257567
        0.0074730117   0.0099159923
       -0.0436813113  -0.0240120698  -0.0228551422  -0.1263516337  -0.0470384102
       -0.0648991849   0.2042898928   0.1024865244   0.1100591702   0.0025206021
       -0.0010225213  -0.0000014640  -0.0098806060   0.0033297736  -0.0013136335
        0.0029526024  -0.0012414907  -0.0005960839  -0.0000479746  -0.0069634048
       -0.0111381515  -0.0037121574  -0.0069825613   0.0000820143  -0.0260894143
       -0.0185558400  -0.0093375244
       -0.0019076674   0.0040296626   0.0015053102  -0.0683299135  -0.1106432210
       -0.0415968151   0.1024865244   0.4307593998  -0.1221672567   0.0016741831
        0.0016412800  -0.0001419234   0.0012835657   0.0012806269   0.0003573927
       -0.0005750283   0.0001700830   0.0010816806  -0.0123362078  -0.0109393190
       -0.0171781056  -0.0217447199  -0.0228184697  -0.0114542300  -0.0005507363
       -0.2934800425   0.1895939472
       -0.0122393095  -0.0053136423  -0.0005521619  -0.0555518490  -0.0196738710
       -0.1058868183   0.1100591702  -0.1221672567   0.2654950932   0.0007490498
       -0.0005171725  -0.0003639729  -0.0020015080   0.0011083336   0.0009826567
       -0.0001433917   0.0006235415   0.0011686867  -0.0277938689  -0.0275591862
       -0.0244268506   0.0096215062   0.0075091904   0.0087211074  -0.0226997991
        0.1659900632  -0.1451377402
       -0.0458834687  -0.0099360951   0.0054538392  -0.0021468803   0.0252675416
       -0.0144800083   0.0025206021   0.0016741831   0.0007490498   0.0523379325
        0.0090613322  -0.0069102130  -0.0022375104  -0.0207900411   0.0109080054
        0.0000256756  -0.0075824657   0.0053524969   0.0011343232   0.0000556433
       -0.0007988640  -0.0048297874   0.0028900612  -0.0004031846  -0.0009208866
       -0.0006401596   0.0001288787
       -0.0107778006  -0.2118251710   0.0962267432   0.0039713183  -0.0179934469
        0.0089868434  -0.0010225213   0.0016412800  -0.0005171725   0.0090613322
        0.2464716315  -0.1145886328  -0.0041418528  -0.0206286104   0.0102358469
       -0.0005406750   0.0029835483  -0.0001685370  -0.0007620367   0.0004532174
       -0.0000453962   0.0037457262  -0.0011879813  -0.0002976231   0.0004665097
        0.0000855323   0.0001679280
        0.0061946450   0.0963996403  -0.1017024479  -0.0016898737   0.0017913027
        0.0004219123  -0.0000014640  -0.0001419234  -0.0003639729  -0.0069102130
       -0.1145886328   0.1151973621  -0.0011139213  -0.0111898600   0.0065483415
        0.0042505411   0.0285134433  -0.0218192051   0.0001494559  -0.0006003266
        0.0005888873  -0.0002186889  -0.0000116410   0.0013436762  -0.0006604810
       -0.0001720025  -0.0002145536
       -0.1502535571  -0.0927630292  -0.0657758679  -0.0198757285  -0.0157277549
       -0.0113622677  -0.0098806060   0.0012835657  -0.0020015080  -0.0022375104
       -0.0041418528  -0.0011139213   0.1760673659   0.1081869459   0.0784033736
        0.0053916669   0.0034157637   0.0021753638   0.0003926493  -0.0004298905
        0.0000167406   0.0002004192  -0.0002750223  -0.0001923087   0.0001953007
        0.0004512744  -0.0001496044
       -0.0926092678  -0.1243210594  -0.0568251904   0.0066910794   0.0057392328
        0.0043594692   0.0033297736   0.0012806269   0.0011083336  -0.0207900411
       -0.0206286104  -0.0111898600   0.1081869459   0.1416828427   0.0671727153
       -0.0051684328  -0.0045771269  -0.0047348469  -0.0000893225   0.0003520634
        0.0003236821   0.0005425512   0.0003440407   0.0002327592  -0.0000932859
        0.0001279903  -0.0004470621
       -0.0662113142  -0.0572490013  -0.0855341357  -0.0011868484  -0.0005910141
       -0.0009623502  -0.0013136335   0.0003573927   0.0009826567   0.0109080054
        0.0102358469   0.0065483415   0.0784033736   0.0671727153   0.0953380653
       -0.0212025364  -0.0203063432  -0.0167867474   0.0002178244   0.0000367195
        0.0004490674  -0.0000863323   0.0000776369  -0.0003410414   0.0004714615
        0.0002660472   0.0003061437
       -0.0610210755   0.0112101805   0.0566812337  -0.0118243182   0.0080829593
        0.0273462137   0.0029526024  -0.0005750283  -0.0001433917   0.0000256756
       -0.0005406750   0.0042505411   0.0053916669  -0.0051684328  -0.0212025364
        0.0694864089  -0.0159114499  -0.0685036086  -0.0055416998   0.0031517294
        0.0007035749   0.0010651435  -0.0006351867   0.0003853551  -0.0005344037
        0.0003859036   0.0004826183
        0.0118536039  -0.0553177831  -0.0427368604   0.0064669803  -0.0037167131
       -0.0148580532  -0.0012414907   0.0001700830   0.0006235415  -0.0075824657
        0.0029835483   0.0285134433   0.0034157637  -0.0045771269  -0.0203063432
       -0.0159114499   0.0610835180   0.0495598324   0.0032272838  -0.0009159182
       -0.0002825525   0.0000620908   0.0001695082  -0.0011076448  -0.0002903160
        0.0001208838   0.0005946370
        0.0568227363  -0.0423680410  -0.2457580771   0.0044347829  -0.0024645692
       -0.0028677001  -0.0005960839   0.0010816806   0.0011686867   0.0053524969
       -0.0001685370  -0.0218192051   0.0021753638  -0.0047348469  -0.0167867474
       -0.0685036086   0.0495598324   0.2844559966   0.0002484777  -0.0007113930
        0.0014351521  -0.0004294343   0.0000832408   0.0008164750   0.0004952691
       -0.0002773667  -0.0006445807
       -0.0139737886   0.0070390240   0.0258963100  -0.0615964124   0.0132815951
        0.0691652237  -0.0000479746  -0.0123362078  -0.0277938689   0.0011343232
       -0.0007620367   0.0001494559   0.0003926493  -0.0000893225   0.0002178244
       -0.0055416998   0.0032272838   0.0002484777   0.0781459195  -0.0106799174
       -0.0700827880   0.0008782420   0.0002050741   0.0023322479   0.0006087415
        0.0001145074  -0.0001328828
        0.0083757800  -0.0031125726  -0.0137297832   0.0140481047  -0.0496455167
       -0.0260218430  -0.0069634048  -0.0109393190  -0.0275591862   0.0000556433
        0.0004532174  -0.0006003266  -0.0004298905   0.0003520634   0.0000367195
        0.0031517294  -0.0009159182  -0.0007113930  -0.0106799174   0.0619711900
        0.0448957464  -0.0081176189   0.0021409597   0.0254800375   0.0005595742
       -0.0003041041  -0.0017899714
        0.0045317963  -0.0013893416  -0.0038100672   0.0697607901  -0.0281664945
       -0.2306557482  -0.0111381515  -0.0171781056  -0.0244268506  -0.0007988640
       -0.0000453962   0.0005888873   0.0000167406   0.0003236821   0.0004490674
        0.0007035749  -0.0002825525   0.0014351521  -0.0700827880   0.0448957464
        0.2759320384   0.0073188947   0.0011211095  -0.0210784984  -0.0003119931
        0.0007213523   0.0015660192
       -0.0032204041   0.0236018185  -0.0135457715  -0.0415832975  -0.0033372936
        0.0036380066  -0.0037121574  -0.0217447199   0.0096215062  -0.0048297874
        0.0037457262  -0.0002186889   0.0002004192   0.0005425512  -0.0000863323
        0.0010651435   0.0000620908  -0.0004294343   0.0008782420  -0.0081176189
        0.0073188947   0.0531667636   0.0089430327  -0.0042978850  -0.0019649219
       -0.0036955869  -0.0020002956
        0.0041709450  -0.0152576339   0.0091394374  -0.0051682081  -0.2053407168
        0.0992452564  -0.0069825613  -0.0228184697   0.0075091904   0.0028900612
       -0.0011879813  -0.0000116410  -0.0002750223   0.0003440407   0.0000776369
       -0.0006351867   0.0001695082   0.0000832408   0.0002050741   0.0021409597
        0.0011211095   0.0089430327   0.2443859820  -0.1154105035  -0.0031481346
       -0.0024356887  -0.0017537268
       -0.0013198423   0.0017293387  -0.0004506934   0.0055185445   0.1033109675
       -0.1107329465   0.0000820143  -0.0114542300   0.0087211074  -0.0004031846
       -0.0002976231   0.0013436762  -0.0001923087   0.0002327592  -0.0003410414
        0.0003853551  -0.0011076448   0.0008164750   0.0023322479   0.0254800375
       -0.0210784984  -0.0042978850  -0.1154105035   0.1207717604  -0.0021049413
       -0.0024831015   0.0009501606
        0.0016097002  -0.0013715192   0.0012392605  -0.0033990156  -0.0237219980
        0.0134257567  -0.0260894143  -0.0005507363  -0.0226997991  -0.0009208866
        0.0004665097  -0.0006604810   0.0001953007  -0.0000932859   0.0004714615
       -0.0005344037  -0.0002903160   0.0004952691   0.0006087415   0.0005595742
       -0.0003119931  -0.0019649219  -0.0031481346  -0.0021049413   0.0304948995
        0.0281499061   0.0101454666
       -0.0003249415   0.0014699108  -0.0005500298  -0.0058850636  -0.0250177811
        0.0074730117  -0.0185558400  -0.2934800425   0.1659900632  -0.0006401596
        0.0000855323  -0.0001720025   0.0004512744   0.0001279903   0.0002660472
        0.0003859036   0.0001208838  -0.0002773667   0.0001145074  -0.0003041041
        0.0007213523  -0.0036955869  -0.0024356887  -0.0024831015   0.0281499061
        0.3194332991  -0.1709679739
       -0.0001393973  -0.0004020853  -0.0001809173   0.0010027410  -0.0149956927
        0.0099159923  -0.0093375244   0.1895939472  -0.1451377402   0.0001288787
        0.0001679280  -0.0002145536  -0.0001496044  -0.0004470621   0.0003061437
        0.0004826183   0.0005946370  -0.0006445807  -0.0001328828  -0.0017899714
        0.0015660192  -0.0020002956  -0.0017537268   0.0009501606   0.0101454666
       -0.1709679739   0.1334394760
